=============================================================
||                            1                            ||
||                   7                 8                   ||
||                                                         ||
||                                                         ||
||                                                p        ||
||                                                         ||
||                                                         ||
||                                                         ||
||                                                         ||
||                                                         ||
|| 5                                                      6||
||                                                         ||
||                                                         ||
||                                                         ||
|| 4                          s                          2 ||
||                                                         ||
||                                                         ||
||                                                         ||
|| 5                                                      6||
||                                                         ||
||                                                         ||
||                                                         ||
||                                                         ||
||                                                         ||
||        p                                                ||
||                                                         ||
||                                                         ||
||                                    3                    ||
||                           5                 6           ||
=============================================================
